152,88,16805,5,0,2:2:0:0:
216,188,17082,1,0,2:2:0:0:
276,96,17359,1,0,2:2:0:0:
352,184,17635,1,0,2:2:0:0:
396,192,21233,5,0,3:2:0:0:
324,304,21509,1,0,3:2:0:0:
240,184,21786,1,0,3:2:0:0:
192,312,22063,2,0,P|52:288|104:160,1,285,0|0,3:2|3:2,3:2:0:0:
108,140,23170,1,0,3:2:0:0:
256,84,25660,5,0,2:3:0:0:
344,144,25937,1,0,2:3:0:0:
256,208,26214,1,0,2:3:0:0:
352,256,26491,2,0,B|448:140|312:36|208:32,1,332.5,0|0,2:3|2:3,2:3:0:0:
152,56,28428,6,0,L|152:152,1,95,0|0,2:3|2:3,2:3:0:0:
64,168,29604,1,0,2:3:0:0:
256,180,29880,5,0,2:3:0:0:
256,180,30711,1,0,2:3:0:0:
256,180,31264,1,0,2:3:0:0:
256,180,32094,1,0,2:3:0:0:
256,180,32924,1,0,2:3:0:0:
256,180,33478,1,0,2:3:0:0:
144,112,34620,5,0,2:3:0:0:
196,248,34897,1,0,2:3:0:0:
268,108,35174,1,0,2:3:0:0:
320,252,35450,2,0,P|448:112|324:56,1,380,0|0,2:3|2:3,2:3:0:0:
112,84,38459,5,0,2:2:0:0:
384,84,38735,1,0,2:2:0:0:
384,292,39011,1,0,2:2:0:0:
248,296,39288,1,0,2:2:0:0:
120,296,39565,1,0,2:2:0:0:
96,192,39842,2,0,B|180:88|232:224|304:92|344:212|372:128,1,285,0|0,2:2|2:2,2:2:0:0:
312,140,40949,1,0,2:2:0:0:
256,184,41780,5,0,2:2:0:0:
256,184,42368,1,0,2:2:0:0:
256,184,43233,1,0,2:2:0:0:
172,152,43509,5,0,2:2:0:0:
252,100,43786,1,0,2:2:0:0:
340,152,44063,1,0,2:2:0:0:
344,240,44340,2,0,P|244:308|108:204,1,285,0|0,2:2|2:2,2:2:0:0:
120,136,45862,1,0,2:2:0:0:
448,52,46553,6,0,L|280:164,1,190
428,164,47660,2,0,L|340:208,1,95
392,256,48214,1,0,0:0:0:0:
392,256,48352,1,0,0:0:0:0:
392,256,48491,1,0,0:0:0:0:
256,188,53472,5,0,3:2:0:0:
104,72,53748,1,0,3:2:0:0:
256,188,54025,1,0,3:2:0:0:
400,64,54302,1,0,3:2:0:0:
256,188,54579,1,0,3:2:0:0:
400,312,54855,1,0,3:2:0:0:
256,188,55132,1,0,3:2:0:0:
120,300,55409,2,4,L|120:184,1,95,4|4,3:2|3:2,3:2:0:0:
420,184,56516,5,0,2:2:0:0:
256,184,57069,2,0,L|256:308,1,95,0|0,2:2|2:2,2:2:0:0:
112,280,57623,1,0,2:2:0:0:
112,184,57899,5,0,2:2:0:0:
132,120,58176,1,0,2:2:0:0:
188,92,58453,1,0,2:2:0:0:
240,136,58730,1,0,2:2:0:0:
264,192,59006,1,0,2:2:0:0:
292,136,59283,1,0,2:2:0:0:
336,96,59560,1,0,2:2:0:0:
388,136,59836,1,0,2:2:0:0:
404,208,60113,2,4,B|368:312|252:336|116:308|96:176,1,380,4|4,2:2|2:2,2:2:0:0:
256,188,61774,1,0,2:2:0:0:
256,192,61912,5,0,2:2:0:0:
120,136,62189,6,0,P|176:56|268:56,1,190
324,56,62881,1,0,0:0:0:0:
328,60,63019,1,0,0:0:0:0:
324,64,63157,1,0,0:0:0:0:
412,188,63711,5,0,0:0:0:0:
384,256,64264,6,0,B|356:296|308:312|252:308|204:340|216:328,1,190
256,192,65094,1,0,0:0:0:0:
256,192,65233,1,0,0:0:0:0:
256,192,65371,1,0,0:0:0:0:
84,192,65648,5,0,0:0:0:0:
84,52,66478,5,0,0:0:0:0:
256,56,66616,2,0,P|212:172|280:224,1,190
288,136,67308,2,0,L|344:204,1,47.5
340,240,67585,2,0,P|256:320|168:288,1,190
256,188,68657,5,0,0:0:0:0:
128,76,70421,6,0,L|236:76,1,95,0|0,3:3|3:3,3:3:0:0:
388,80,70975,1,0,3:3:0:0:
388,312,71252,1,0,3:3:0:0:
108,304,72082,2,0,L|212:304,1,95
172,192,73465,6,0,L|284:192,2,95,0|0|0,2:2|2:2|2:2,2:2:0:0:
404,68,74295,2,0,L|404:168,1,95,0|0,2:2|2:2,2:2:0:0:
408,304,74848,1,0,0:0:0:0:
112,300,75126,2,0,L|112:200,2,95
252,292,76579,2,0,L|252:196,1,95,0|0,2:0|2:0,2:0:0:0:
256,188,77409,5,0,0:0:0:0:
388,72,77962,5,0,0:0:0:0:
388,144,78239,1,0,0:0:0:0:
388,216,78516,1,0,0:0:0:0:
388,288,78792,2,0,L|196:288,1,190
192,216,79623,1,0,0:0:0:0:
180,108,80176,2,0,B|316:40|432:72|456:244,1,380
340,132,81836,5,0,0:0:0:0:
92,72,82321,5,0,0:0:0:0:
96,304,82597,1,0,0:0:0:0:
424,60,83082,2,0,L|248:200,1,190,0|0,2:2|2:2,2:2:0:0:
272,176,83912,5,0,2:2:0:0:
372,176,84119,1,0,2:2:0:0:
424,60,84258,1,0,2:2:0:0:
256,184,84465,1,0,2:2:0:0:
256,184,85296,5,0,2:2:0:0:
100,72,85987,6,0,L|100:172,1,95,0|0,2:2|2:2,2:2:0:0:
100,304,86541,1,0,2:2:0:0:
256,64,86818,5,0,2:2:0:0:
432,192,87094,2,0,L|276:76,1,190,0|0,2:2|2:2,2:2:0:0:
432,192,87925,1,0,2:2:0:0:
256,308,88201,2,0,P|120:236|120:204,1,190,0|0,2:2|2:2,2:2:0:0:
388,104,89031,5,0,0:0:0:0:
256,52,89308,1,0,0:0:0:0:
136,120,89585,1,0,0:0:0:0:
256,192,89862,1,0,0:0:0:0:
384,252,90138,1,0,0:0:0:0:
256,316,90415,1,0,0:0:0:0:
136,260,90692,1,0,0:0:0:0:
256,192,90969,1,0,0:0:0:0:
380,116,91245,1,0,0:0:0:0:
384,252,91522,1,0,0:0:0:0:
256,192,91799,1,0,0:0:0:0:
132,108,92075,1,0,0:0:0:0:
256,320,92352,5,4,0:0:0:0:
116,192,92629,1,4,0:0:0:0:
184,84,92906,1,4,0:0:0:0:
256,192,93182,1,4,0:0:0:0:
256,192,93459,5,0,3:2:0:0:
256,192,94289,1,0,3:2:0:0:
256,192,94843,1,0,0:2:0:0:
256,192,95119,1,0,0:0:0:0:
256,192,95396,1,0,0:0:0:0:
256,192,95673,5,0,2:0:0:0:
128,92,96226,5,0,3:3:0:0:
212,92,96503,1,0,3:3:0:0:
300,92,96780,1,0,3:3:0:0:
384,92,97057,1,0,3:3:0:0:
384,176,97333,1,0,3:3:0:0:
384,264,97610,2,0,L|100:264,1,285,0|0,3:3|3:3,3:3:0:0:
92,192,98717,5,0,3:3:0:0:
256,192,99547,5,0,3:3:0:0:
256,192,100101,1,0,3:3:0:0:
256,192,100931,1,0,3:3:0:0:
112,68,101208,2,0,L|212:68,1,95,0|0,3:3|3:3,3:3:0:0:
328,76,101761,1,0,3:3:0:0:
392,76,102038,2,0,P|400:272|320:280,1,285,0|0,3:3|3:3,3:3:0:0:
216,288,103145,1,0,3:3:0:0:
108,224,103975,5,0,3:3:0:0:
104,112,104390,1,0,3:3:0:0:
252,104,104943,1,0,3:3:0:0:
408,104,105912,1,0,3:3:0:0:
416,200,106189,1,0,3:3:0:0:
416,288,106465,1,0,3:3:0:0:
252,188,106742,5,0,2:3:0:0:
252,196,107296,1,0,2:3:0:0:
252,196,107572,1,0,2:3:0:0:
252,188,108195,1,0,2:0:0:0:
252,188,108471,1,0,1:1:0:0:
252,184,108748,1,0,2:0:0:0:
248,184,109025,1,0,0:0:0:0:
120,184,109578,6,0,L|204:100|200:104,1,95,0|0,2:0|2:0,2:0:0:0:
256,168,110132,2,0,L|184:240|176:248,1,95,0|0,2:0|2:0,2:0:0:0:
256,304,110685,1,0,2:0:0:0:
396,300,110962,2,12,P|388:104|300:88,1,285
208,80,112069,1,0,0:0:0:0:
256,80,113176,5,0,0:0:0:0:
200,300,113453,2,0,L|300:300,1,95
256,192,114006,1,0,0:0:0:0:
256,80,114283,1,0,0:0:0:0:
200,300,114560,2,0,L|300:300,1,95
256,192,115113,1,0,0:0:0:0:
256,80,115390,1,0,0:0:0:0:
200,300,115667,2,0,L|300:300,1,95
256,192,116220,5,0,0:0:0:0:
256,80,116497,1,0,0:0:0:0:
256,196,117050,1,4,2:0:0:0:
384,76,117327,1,4,2:0:0:0:
388,196,117604,1,4,2:0:0:0:
256,192,117881,1,4,2:0:0:0:
400,76,119057,6,0,L|168:76,1,190
168,100,119887,2,0,P|176:248|312:268,1,285
320,216,120994,1,0,0:0:0:0:
232,176,121547,1,8,2:0:0:0:
232,176,121824,1,8,2:0:0:0:
104,76,122377,5,0,0:0:0:0:
384,80,122654,1,0,0:0:0:0:
136,244,123208,2,0,L|136:296,1,47.5
256,192,123623,12,0,127358,0:0:0:0:
256,188,129019,5,0,0:0:0:0:
256,188,131233,5,12,1:0:0:0:
256,188,133446,5,12,1:0:0:0:
256,188,135660,5,12,1:0:0:0:
256,192,137874,5,0,0:0:0:0:
112,84,138428,1,0,0:0:0:0:
112,168,138566,2,0,L|112:220,1,47.5
112,348,139119,1,0,0:0:0:0:
256,188,139950,5,0,0:0:0:0:
392,296,140503,1,0,0:0:0:0:
392,216,140641,2,0,L|392:164,1,47.5
384,72,141057,2,0,L|384:176,1,95
308,72,142025,6,0,L|256:72,1,47.5
184,100,142717,1,0,0:0:0:0:
328,96,142855,1,0,0:0:0:0:
336,188,142994,1,0,0:0:0:0:
184,188,143132,1,0,0:0:0:0:
256,188,143685,5,0,0:0:0:0:
256,188,144274,1,0,0:0:0:0:
256,296,145899,5,0,2:0:0:0:
256,184,146176,1,0,3:0:0:0:
256,68,146453,2,4,L|256:192,1,95,4|4,1:0|1:0,1:0:0:0:
256,192,147906,5,12,0:0:0:0:
116,108,149013,6,12,L|116:208,2,95
116,204,149843,2,4,L|204:312,1,95
240,316,150396,1,4,0:0:0:0:
252,192,150673,1,0,0:0:0:0:
280,132,150811,1,0,0:0:0:0:
328,88,150950,1,0,0:0:0:0:
392,76,151088,1,0,0:0:0:0:
448,88,151227,1,0,0:0:0:0:
436,196,151780,2,4,P|428:248|380:272,1,95
256,184,152333,1,0,0:0:0:0:
256,184,152921,5,0,0:0:0:0:
104,260,153509,6,0,L|196:304,2,95
192,304,154340,1,0,0:0:0:0:
276,192,154893,1,0,0:0:0:0:
184,144,155170,1,0,0:0:0:0:
160,104,155308,1,0,0:0:0:0:
124,80,155446,1,0,0:0:0:0:
76,64,155585,1,0,0:0:0:0:
32,80,155723,1,0,0:0:0:0:
396,100,156277,1,0,0:0:0:0:
400,280,156553,1,0,0:0:0:0:
456,192,156830,2,0,L|344:192,1,95
316,192,157384,1,0,0:0:0:0:
140,64,157937,5,0,0:0:0:0:
360,64,158214,1,0,0:0:0:0:
248,68,158767,2,0,B|280:152|232:184|312:256,1,190
128,176,159551,1,0,0:0:0:0:
196,280,159736,1,0,0:0:0:0:
328,308,159920,1,0,0:0:0:0:
256,192,160151,1,0,0:0:0:0:
228,64,160704,2,0,L|328:88,1,95
356,173,161258,2,0,L|316:77,1,95
252,152,161811,2,0,L|325:80,1,95,0|8,0:0|0:0,0:0:0:0:
319,85,162365,1,8,0:0:0:0:
256,192,162503,12,0,163472,0:0:0:0:
96,68,163748,5,0,0:0:0:0:
260,192,164025,1,0,0:0:0:0:
432,316,164302,1,0,0:0:0:0:
344,256,164579,1,0,0:0:0:0:
168,128,164855,1,0,0:0:0:0:
104,320,165132,1,0,0:0:0:0:
260,192,165409,1,0,0:0:0:0:
424,64,165685,1,0,0:0:0:0:
344,128,165962,1,0,0:0:0:0:
184,256,166239,1,0,0:0:0:0:
116,96,166792,6,0,L|279:232,1,190
116,96,167623,2,0,P|248:84|316:144,1,190
364,200,168453,1,0,0:0:0:0:
264,280,168729,1,0,0:0:0:0:
92,312,169006,2,0,L|396:68,1,380
408,176,170390,1,0,0:0:0:0:
362,307,170667,5,0,0:0:0:0:
329,238,170805,1,0,0:0:0:0:
259,202,170943,1,0,0:0:0:0:
180,200,171082,1,0,0:0:0:0:
104,188,171220,5,0,0:0:0:0:
256,84,171497,1,0,0:0:0:0:
392,188,171774,1,0,0:0:0:0:
252,316,172050,2,0,L|256:100,1,190
252,316,172880,1,0,0:0:0:0:
392,188,173157,1,0,0:0:0:0:
256,88,173434,1,0,0:0:0:0:
108,192,174541,1,0,0:0:0:0:
204,184,175163,5,0,0:0:0:0:
256,136,175302,1,0,0:0:0:0:
312,152,175440,1,0,0:0:0:0:
336,204,175578,1,0,0:0:0:0:
320,276,175717,6,0,L|216:248,1,95
136,240,176547,2,0,P|144:144|232:76,1,190
300,76,177377,1,0,0:0:0:0:
388,148,177654,1,0,0:0:0:0:
396,256,177931,1,0,0:0:0:0:
301,256,178484,2,0,L|409:256,1,95
421,164,179038,2,0,L|393:264,1,95
256,184,179591,1,0,0:0:0:0:
96,180,180145,6,0,L|192:180,1,95
256,92,180975,1,0,0:0:0:0:
256,184,181251,1,0,0:0:0:0:
256,276,181528,1,0,0:0:0:0:
388,184,182082,1,0,0:0:0:0:
136,188,182358,5,0,2:1:0:0:
256,52,184607,6,0,L|256:152,1,95,0|0,2:2|2:2,2:2:0:0:
392,236,185402,1,0,2:2:0:0:
256,236,185679,1,0,2:2:0:0:
112,236,185956,1,0,2:2:0:0:
256,328,186509,1,0,2:2:0:0:
256,144,186786,5,0,2:2:0:0:
416,192,189000,6,0,L|296:192,1,95,0|0,2:1|2:1,2:1:0:0:
256,284,189830,1,0,2:1:0:0:
256,188,190107,1,0,2:1:0:0:
256,88,190383,1,0,2:1:0:0:
128,188,190937,1,0,2:1:0:0:
372,188,191214,5,0,2:1:0:0:
256,336,193497,6,0,L|256:216,1,95,0|0,2:2|2:2,2:2:0:0:
136,192,194327,1,0,2:2:0:0:
256,192,194604,1,0,2:2:0:0:
376,188,194881,1,0,0:0:0:0:
256,92,195434,1,0,0:0:0:0:
256,192,195641,12,0,199031,0:0:0:0:
144,260,199308,5,0,0:0:0:0:
256,320,199585,1,0,0:0:0:0:
368,256,199862,1,0,0:0:0:0:
256,192,200138,1,0,0:0:0:0:
152,112,200415,1,0,0:0:0:0:
256,64,200692,1,0,0:0:0:0:
368,112,200968,1,0,0:0:0:0:
370,211,201245,1,0,0:0:0:0:
256,304,201522,6,4,L|256:200,3,95,4|4|4|4,3:3|3:3|3:3|3:3,3:3:0:0:
188,72,202629,2,4,L|292:72,1,95,4|4,3:3|3:3,3:3:0:0:
396,200,203182,2,4,P|356:308|192:296,1,285,4|4,3:3|3:3,3:3:0:0:
280,236,204289,1,4,3:3:0:0:
96,184,204566,6,4,P|192:96|436:104,1,380,4|4,3:3|3:3,3:3:0:0:
276,184,205950,1,8,1:1:0:0:
276,184,206226,1,8,1:1:0:0:
136,272,206780,5,4,3:3:0:0:
136,272,207056,1,4,3:3:0:0:
404,192,207333,1,4,0:3:0:0:
404,192,207610,2,4,L|176:156,1,190,4|4,3:3|3:3,3:3:0:0:
140,128,208440,2,4,L|240:88,2,95,4|4|4,3:3|3:3|3:3,3:3:0:0:
256,196,210101,5,0,0:0:0:0:
84,72,210377,1,0,0:0:0:0:
416,316,210654,1,0,0:0:0:0:
332,136,211207,5,0,0:0:0:0:
192,256,211484,1,0,0:0:0:0:
256,192,212038,12,0,213421,0:0:0:0:
116,80,213975,5,0,0:0:0:0:
256,76,214251,1,0,0:0:0:0:
116,192,214528,1,0,0:0:0:0:
116,312,214805,1,0,0:0:0:0:
256,312,215082,1,0,0:0:0:0:
256,192,215358,1,0,0:0:0:0:
256,192,215635,12,0,216742,0:0:0:0:
388,68,217088,6,0,P|320:72|304:100,2,95
416,164,217918,2,0,P|428:216|388:244,2,95
324,264,218748,1,0,0:0:0:0:
256,184,219025,1,0,0:0:0:0:
208,88,219302,1,0,0:0:0:0:
112,288,219578,2,0,L|204:232,1,95
384,100,220132,5,0,0:0:0:0:
384,280,220409,1,0,0:0:0:0:
384,188,220685,2,0,L|280:188,2,95
288,188,221516,1,0,0:0:0:0:
120,120,221792,6,0,L|120:228,3,95
124,292,222899,2,0,L|172:292,4,47.5
168,292,223729,2,0,L|168:192,1,95
168,197,224283,1,0,0:0:0:0:
256,296,224560,5,0,0:0:0:0:
368,196,224836,1,0,0:0:0:0:
256,84,225113,1,0,0:0:0:0:
256,192,225390,2,0,B|180:184|168:156|172:156,2,95
112,140,226220,2,0,L|112:248,1,95
280,91,226773,5,0,0:0:0:0:
310,105,226912,1,0,0:0:0:0:
338,136,227050,1,0,0:0:0:0:
343,178,227189,1,0,0:0:0:0:
320,224,227327,6,0,L|364:256,3,47.5
256,176,227880,6,0,L|208:144,3,47.5
216,256,228434,5,0,0:0:0:0:
128,112,229056,5,0,0:0:0:0:
132,276,229333,1,0,0:0:0:0:
324,316,229887,2,0,B|396:208|376:112|300:60,1,285
280,184,230994,2,0,L|180:184,1,95
124,96,231547,1,0,0:0:0:0:
128,288,231824,1,0,0:0:0:0:
128,192,232101,1,0,0:0:0:0:
256,192,232377,12,0,234038,0:0:0:0:
256,188,234591,5,0,0:0:0:0:
256,188,234868,1,0,0:0:0:0:
256,188,235145,1,0,0:0:0:0:
256,188,235421,1,0,0:0:0:0:
256,188,235698,5,0,2:2:0:0:
120,96,237981,5,0,2:2:0:0:
256,96,238258,1,0,2:2:0:0:
388,96,238535,1,0,2:2:0:0:
384,208,238811,2,0,L|172:208,1,190,0|0,2:2|2:2,2:2:0:0:
384,316,239641,2,0,L|276:316,1,95,0|0,2:2|2:2,2:2:0:0:
104,304,240195,2,0,B|116:164|200:80|356:56,1,380,0|0,2:2|2:2,2:2:0:0:
256,188,242409,5,0,2:2:0:0:
256,188,242685,1,0,2:2:0:0:
256,188,242962,1,0,2:2:0:0:
112,84,243239,2,0,L|112:216,1,118.75,0|0,2:2|2:2,2:2:0:0:
120,304,244069,2,0,L|220:304,1,95,0|0,2:2|2:2,2:2:0:0:
368,304,244623,1,0,2:2:0:0:
256,192,245660,5,0,2:2:0:0:
256,192,246767,12,0,248981,2:2:0:0:
256,192,249258,12,0,250641,2:2:0:0:
192,92,251195,6,0,L|292:92|288:92,2,95,0|0|0,2:2|2:2|2:2,2:2:0:0:
316,88,252060,1,0,2:2:0:0:
412,192,252336,1,0,2:2:0:0:
356,308,252578,1,0,2:2:0:0:
256,196,253132,1,0,2:2:0:0: